EADP O1- O1
EXYZ O1- O1
EADP O3- O3
EXYZ O3- O3
EADP N1- N1
EXYZ N1- N1
EADP C1- C1
EXYZ C1- C1
EADP C2- C2
EXYZ C2- C2
EADP C3- C3
EXYZ C3- C3
EADP C4- C4
EXYZ C4- C4
EADP C5- C5
EXYZ C5- C5
EADP C6- C6
EXYZ C6- C6
EADP C8- C8
EXYZ C8- C8
EADP C7- C7
EXYZ C7- C7
EADP C9- C9
EXYZ C9- C9
EADP O2- O2
EXYZ O2- O2




SUMP 0 0.01 -1 2 -1 3 -1 4 -1 5 -1 6 -1 7 -1 8 -1 9 -1 10 -1 11 -1 12 -1 13=
 -1 14 1 15 1 16 1 17 1 18 1 19 1 20 1 21 1 22 1 23 1 24 1 25


FVAR       3.17799   0.29454   0.45959   0.15279   0.26714   0.30450   0.21198
FVAR       0.10151   0.11105   0.25449   0.28252   0.38014   0.18985   0.16338
FVAR       0.39452   0.32018   0.18879   0.22854   0.29207   0.20311   0.29519
FVAR       0.33221   0.29251   0.32266   0.30305



part 1
O1    4    0.621773    0.835334    0.332587   -21.00000    0.02816    0.05252 =
         0.03809    0.00257   -0.00330   -0.00401
N1    3    0.195703    0.757908    0.303685   -31.00000    0.01697    0.04222 =
         0.02724    0.00584    0.00179    0.00018
H1A  6    0.208981    0.861873    0.270336   151.00000    0.02828
H1B  6    0.220709    0.854739    0.351403   161.00000    0.02561
H1C  6    0.008525    0.686496    0.294656   171.00000    0.02453
C1    1    0.351614    0.460210    0.406275   -41.00000    0.01167    0.04190 =
         0.02251    0.00022   -0.00077    0.00041
O2    4    0.468457    0.519472    0.599934   -51.00000    0.02641    0.04634 =
         0.02728   -0.00309   -0.00094    0.00070
H2A  6    0.340584    0.567962    0.621068   181.00000    0.02754
C2    1    0.558219    0.405084    0.433755   -61.00000    0.01555    0.04106 =
         0.02415    0.00170   -0.00286    0.00085
H2   6    0.686429    0.351691    0.406079   191.00000    0.02427
O3    4    0.767472    0.573451    0.286151   -71.00000    0.02000    0.05640 =
         0.03496    0.00488    0.00266   -0.00123
C3    1    0.596388    0.426071    0.498605   -81.00000    0.01354    0.04126 =
         0.02680    0.00325   -0.00229    0.00177
H3   6    0.745611    0.378853    0.525459   201.00000    0.01742
C4    1    0.427998    0.503158    0.536916   -91.00000    0.01609    0.03959 =
         0.02719    0.00047   -0.00165    0.00385
C5    1    0.221768    0.571256    0.509964  -101.00000    0.01352    0.03778 =
         0.02815   -0.00042    0.00167    0.00257
H5   6    0.091374    0.622169    0.542894   211.00000    0.03164
C6    1    0.185377    0.547777    0.444900  -111.00000    0.00955    0.04123 =
        0.02711    0.00191    0.00047    0.00462
H6   6    0.016143    0.578270    0.423655   221.00000    0.02478
C7    1    0.312811    0.429513    0.336031  -121.00000    0.01923    0.04362 =
         0.02322   -0.00291   -0.00105   -0.00522
H7A  6    0.126956    0.374542    0.328331   231.00000    0.02076
H7B  6    0.394270    0.299954    0.323078   241.00000    0.03569
C8    1    0.363674    0.605980    0.293740  -131.00000    0.01700    0.04347 =
         0.02670   -0.00033    0.00096    0.00212
H8   6    0.348041    0.556817    0.242582   251.00000    0.02673
C9    1    0.604949    0.675926    0.306314  -141.00000    0.01639    0.04794 =
         0.03137    0.00182   -0.00143   -0.00384



part 2



O1-   8    0.621773    0.835334    0.332587    21.00000    0.02816    0.05252 =
         0.03809    0.00257   -0.00330   -0.00401
N1-   7    0.195703    0.757908    0.303685    31.00000    0.01697    0.04222 =
         0.02724    0.00584    0.00179    0.00018
C1-   5    0.351614    0.460210    0.406275    41.00000    0.01167    0.04190 =
         0.02251    0.00022   -0.00077    0.00041
O2-   8    0.468457    0.519472    0.599934    51.00000    0.02641    0.04634 =
         0.02728   -0.00309   -0.00094    0.00070
C2-   6    0.558219    0.405084    0.433755    61.00000    0.01555    0.04106 =
         0.02415    0.00170   -0.00286    0.00085
O3-   8    0.767472    0.573451    0.286151    71.00000    0.02000    0.05640 =
         0.03496    0.00488    0.00266   -0.00123
C3-   5    0.596388    0.426071    0.498605    81.00000    0.01354    0.04126 =
         0.02680    0.00325   -0.00229    0.00177
C4-   5    0.427998    0.503158    0.536916    91.00000    0.01609    0.03959 =
         0.02719    0.00047   -0.00165    0.00385
C5-   5    0.221768    0.571256    0.509964   101.00000    0.01352    0.03778 =
         0.02815   -0.00042    0.00167    0.00257
C6-   5    0.185377    0.547777    0.444900   111.00000    0.00955    0.04123 =
         0.02711    0.00191    0.00047    0.00462
C7-   5    0.312811    0.429513    0.336031   121.00000    0.01923    0.04362 =
         0.02322   -0.00291   -0.00105   -0.00522
C8-   5    0.363674    0.605980    0.293740   131.00000    0.01700    0.04347 =
         0.02670   -0.00033    0.00096    0.00212
C9-   5    0.604949    0.675926    0.306314   141.00000    0.01639    0.04794 =
         0.03137    0.00182   -0.00143   -0.00384
